NZ_CP072337.1	1395	1424	ATTCTCTTTCCGCCTGGTTCCACTTCGAGC	42.13	100.0	0.0	0	0.44781958809422745
NZ_CP072337.1	1461	1490	AGGCAGCGTCTTTAAGCTTCTCTGCTGCAT	42.17	100.0	0.0	0	0.16854099404645598
NZ_CP072337.1	1491	1520	CTGCATCGCCCTGCATAACGAAAGACAGCA	42.84	99.720924	0.0	0	0.2763468326975801
NZ_CP072337.1	1522	1551	GCGCCTGTCCTCCGCATCAAAGTGTCCGTT	45.81	100.0	0.0	0	0.3940462412043098
NZ_CP072337.1	1554	1583	TGTGCCTTACATAGCTGCGGATTGCGTTGA	42.3	99.67493	0.0	0	0.30410047835716
NZ_CP072337.1	1637	1666	TTCTGTGCATCTGCTGCCTGCTCTTTAGCT	42.01	100.0	0.0	0	0.3251309972878712
NZ_CP072337.1	1735	1764	TTCTATCTTCTGCGTGGCATTCCCCAGCTG	42.07	100.0	0.0	0	0.38300533277606086
NZ_CP072337.1	1939	1968	TTCCTCCTGCCGTTCCTTTATCCGTTTGCG	42.47	100.0	0.0	0	0.6050301124337333
NZ_CP072337.1	2014	2043	CGTGTTTGCTTCATAGACTGCTTGCCAGCG	42.01	100.0	0.0	0	0.32346082860656117
NZ_CP072337.1	2049	2078	AGACCTTTGCTTCCAGCTCTTTCACACGCT	42.08	99.79117	0.0	0	0.32456112173014756
NZ_CP072337.1	2093	2122	ATTCTCTGTTCCATTGCGCTGCGGTGTCTT	42.49	100.0	0.0	0	0.5285912892718712
NZ_CP072337.1	2134	2163	TGAAGCTTTGTTTCCTCGCTCCATTCCGGT	42.14	100.0	0.0	0	0.3413177337946962
NZ_CP072337.1	2191	2220	TGACAGCTTCTTTCTGTCTGCCCGGATTGC	42.49	100.0	0.0	0	0.3041997028497845
NZ_CP072337.1	2303	2332	TTTGATTTTGCGTGTCCCTCGTCCTCGTGC	42.87	99.5202	0.0	0	0.5645715162965139
NZ_CP072337.1	2408	2437	ATCCCCTCCTTGAGGTGTAGGCAAGCTTCA	42.52	99.43585	0.0	0	0.23777068694274803
NZ_CP072337.1	2593	2622	ACTTGGCACTTTCTCGGTGCTGTTGTCACG	42.82	100.0	0.0	0	0.35023524561852565
NZ_CP072337.1	2629	2658	ATGAGCAAGGCAGTTTGCCTTTGCGGTTTG	42.56	100.0	0.0	0	0.033471500431202755
NZ_CP072337.1	2730	2759	GGGGAGGTCAAGGAGGGGTTTACCCCTCCT	45.33	92.32659	0.0	0	0.010355606343099217
NZ_CP072337.1	2858	2887	AAAACCGAAACCGCCAAACGAATGGGTGTC	42.07	99.264984	0.0	0	0.21883627938869385
NZ_CP072337.1	2893	2922	TGGATGTGTTTTGCTAATGAGTGCGGGCGA	42.5	100.0	0.0	0	0.4977978459366488
NZ_CP072337.1	2967	2996	ACCATGAAACGGAGTGGTTAGATGTGCGCC	42.5	100.0	0.0	0	0.1633346156261463
NZ_CP072337.1	2997	3026	CTGTGGTGTGGAGGAACGGAACACCCTGCG	45.63	99.479294	0.0	0	0.2684810577120546
NZ_CP072337.1	3027	3056	CACGAGTGGAGAGAGCGAAGCGGAAACGGA	44.73	98.90451	0.0	0	0.18012536544264954
NZ_CP072337.1	3425	3454	ATTCGTCACGGAGGATTTTCCGAAGCGTGT	42.02	100.0	0.0	0	0.14727349280739238
NZ_CP072337.1	3460	3489	ACGTGCTGCGTGGTCATATTTCCTGCTGTT	42.47	100.0	0.0	0	0.38166667081299405
NZ_CP072337.1	3638	3667	ATTGGTCTGTTCCTTGTGTGGCAGCTGTGG	42.73	100.0	0.0	0	0.5291537904947057
NZ_CP072337.1	3688	3717	GTGTCGGCTTTTGGTTTTCTGCCGTTGTCC	42.36	100.0	0.0	0	0.48844471070473555
NZ_CP072337.1	3852	3881	TCGGAACGCTTCTATCGGGTACTCGTAGCG	42.43	100.0	0.0	0	0.12339241809429641
NZ_CP072337.1	4764	4793	CCTCGCGCATTATGCGCGCGCGTGATACAA	46.47	96.81226	0.0	0	0.00860339601182494
