NZ_CP020550.1	11	40	AAGGGTAGGCAGGATAAAACGGAAAGCCCG	42.1	100.0	0.0	0	0.3410240415411544
NZ_CP020550.1	1283	1312	AATAAGCTGTGTGCGCTCTGCAACTGGAGA	42.09	100.0	0.0	0	0.20415328517375103
NZ_CP020550.1	1953	1982	AATGCAATAGCACACCAAAGCCCCAGAGGA	42.19	97.91695	0.0	0	0.13941568436716267
NZ_CP020550.1	2031	2060	TCTTGGGCTAGCTTCGGTCTTTGTCCTTGC	42.13	100.0	0.0	0	0.6008552391347485
NZ_CP020550.1	2164	2193	TCAAAGGTTCGCAATCGGTTACCGAGAGCG	42.31	100.0	0.0	0	0.13229075448031796
NZ_CP020550.1	2307	2336	AAATCGTGTTGGTGGGGCATTAGACCGACC	42.39	100.0	0.0	0	0.19930863498758888
NZ_CP020550.1	232	261	AACCTTGTATTGTGGTCGTCAGGGTGGCGG	43.77	98.75007	0.0	0	0.33234230315867297
NZ_CP020550.1	2598	2627	AGCGGTTGATGTGGCTGCATAATGAAGCCT	42.51	100.0	0.0	0	0.17685739688828603
NZ_CP020550.1	3138	3167	AGCACCTGTTAAGGACGCAGTTTTGCAGGC	43.19	100.0	0.0	0	0.13732617410353481
NZ_CP020550.1	3168	3197	AGTTCCGTCTATCTTGCCAGTTGGTGCCGC	43.93	99.53352	0.0	0	0.48310485438880924
NZ_CP020550.1	3633	3662	GGAGCGAGCCTTGCTGTTCGCTTTGCAGTA	44.36	98.74772	0.0	0	0.1246575832687873
NZ_CP020550.1	369	398	GCTGGCAACAGCTTTTCGAGCTGAGAAACG	42.15	99.4234	0.0	0	0.054020047600130766
NZ_CP020550.1	3807	3836	GTAAAAGCTGAAGCGCTGACTTTGGGTGGC	42.1	100.0	0.0	0	0.26351411597917346
NZ_CP020550.1	3840	3869	TTGACTTATTTAGCAGGGGCAGGAGCCAGC	42.15	100.0	0.0	0	0.2101766103282335
NZ_CP020550.1	3947	3976	TATAGCAGCCTTTGGAAATGCGGTGGCTGA	42.11	100.0	0.0	0	0.18439914702882032
NZ_CP020550.1	42	71	ATTTGCGGGCGCCCGTTTTATCTGTTTAGC	42.03	100.0	0.0	0	0.4206203413860384
NZ_CP020550.1	4617	4646	ACGGTTATTGCGTCATTTGAGCCGACGACG	42.79	99.40027	0.0	0	0.311592824951586
NZ_CP020550.1	475	504	AGGCTTGCTGGCAGAGATTACTCAGCAACG	42.32	100.0	0.0	0	0.17847241618199203
NZ_CP020550.1	4762	4791	TCACTTCAGGAGGTGAGCATGTCACCGAGT	42.42	100.0	0.0	0	0.1952732014536467
NZ_CP020550.1	4792	4821	TTGCGACAGCTTTGGCAACGGATAAGCCTG	43.2	98.453575	0.0	0	0.1789961938367348
NZ_CP020550.1	4980	5009	AGTCAAGCAGCTGCTATAGGGGCAACGTTG	42.36	100.0	0.0	0	0.20035410450346758
NZ_CP020550.1	5035	5064	ATGCTCTTACAGGGGCGCAGACAGATGAAC	42.01	98.244835	0.0	0	0.21960705065089126
NZ_CP020550.1	5065	5094	TTGCAAGGGTTAGAGCAGGAACAGCGACAG	42.25	98.92874	0.0	0	0.292722216892357
NZ_CP020550.1	5095	5124	GATCATTAACAGGGGCGCAGACGGCAACAG	43.06	100.0	0.0	0	0.1658908611502896
NZ_CP020550.1	5125	5154	GAACGCTTGTAGGAGCAGGAACAGGCTGGC	44.28	98.39042	0.0	0	0.2102249101593515
NZ_CP020550.1	5545	5574	ACGGAGCAACAGCAACAAAATTGGCTTCGC	42.62	100.0	0.0	0	0.19770423785731944
NZ_CP020550.1	580	609	TGAGGTTGTCGAGTGTCGAACGATTGCAGG	42.07	100.0	0.0	0	0.2442279873067049
NZ_CP020550.1	610	639	ACGGTGGACTTTTACCAGGGCCTTCGATGC	43.83	100.0	0.0	0	0.3414305064766709
NZ_CP020550.1	647	676	TACAACGCAGTTTGTGAACGCCCTGAAGCA	42.68	100.0	0.0	0	0.0879825271790162
NZ_CP020550.1	795	824	AAAAGGGGCTGAAAGCCCCTTGAGAAAGCC	42.93	100.0	0.0	0	0.001010997853679742
