11110000000000
11001100000000
11000011000000
11000000110000
11000000001100
11000000000011
10101010000000
10100101000000
10100000101000
10100000010100
10011001000000
10010110000000
10010000100100
10010000011000
10001000100010
10001000010001
10000100100001
10000100010010
10000010001010
10000010000101
10000001001001
10000001000110
01101001000000
01100110000000
01100000100100
01100000011000
01011010000000
01010101000000
01010000101000
01010000010100
01001000100001
01001000010010
01000100100010
01000100010001
01000010001001
01000010000110
01000001001010
01000001000101
00111100000000
00110011000000
00110000110000
00110000001100
00110000000011
00101000001010
00101000000101
00100100001001
00100100000110
00100010100010
00100010010001
00100001100001
00100001010010
00011000001001
00011000000110
00010100001010
00010100000101
00010010100001
00010010010010
00010001100010
00010001010001
00001111000000
00001100110000
00001100001100
00001100000011
00001010101000
00001010010100
00001001100100
00001001011000
00000110100100
00000110011000
00000101101000
00000101010100
00000011110000
00000011001100
00000011000011
00000000111100
00000000110011
00000000001111
