11110000000000
11101000000000
11100100000000
11100010000000
11100001000000
11100000100000
11100000010000
11100000001000
11100000000100
11100000000010
11100000000001
11011000000000
11010100000000
11010010000000
11010001000000
11010000100000
11010000010000
11010000001000
11010000000100
11010000000010
11010000000001
11001100000000
11001010000000
11001001000000
11001000100000
11001000010000
11001000001000
11001000000100
11001000000010
11001000000001
11000110000000
11000101000000
11000100100000
11000100010000
11000100001000
11000100000100
11000100000010
11000100000001
11000011000000
11000010100000
11000010010000
11000010001000
11000010000100
11000010000010
11000010000001
11000001100000
11000001010000
11000001001000
11000001000100
11000001000010
11000001000001
11000000110000
11000000101000
11000000100100
11000000100010
11000000100001
11000000011000
11000000010100
11000000010010
11000000010001
11000000001100
11000000001010
11000000001001
11000000000110
11000000000101
11000000000011
10111000000000
10110100000000
10110010000000
10110001000000
10110000100000
10110000010000
10110000001000
10110000000100
10110000000010
10110000000001
10101100000000
10101010000000
10101001000000
10101000100000
10101000010000
10101000001000
10101000000100
10101000000010
10101000000001
10100110000000
10100101000000
10100100100000
10100100010000
10100100001000
10100100000100
10100100000010
10100100000001
10100011000000
10100010100000
10100010010000
10100010001000
10100010000100
10100010000010
10100010000001
10100001100000
10100001010000
10100001001000
10100001000100
10100001000010
10100001000001
10100000110000
10100000101000
10100000100100
10100000100010
10100000100001
10100000011000
10100000010100
10100000010010
10100000010001
10100000001100
10100000001010
10100000001001
10100000000110
10100000000101
10100000000011
10011100000000
10011010000000
10011001000000
10011000100000
10011000010000
10011000001000
10011000000100
10011000000010
10011000000001
10010110000000
10010101000000
10010100100000
10010100010000
10010100001000
10010100000100
10010100000010
10010100000001
10010011000000
10010010100000
10010010010000
10010010001000
10010010000100
10010010000010
10010010000001
10010001100000
10010001010000
10010001001000
10010001000100
10010001000010
10010001000001
10010000110000
10010000101000
10010000100100
10010000100010
10010000100001
10010000011000
10010000010100
10010000010010
10010000010001
10010000001100
10010000001010
10010000001001
10010000000110
10010000000101
10010000000011
10001110000000
10001101000000
10001100100000
10001100010000
10001100001000
10001100000100
10001100000010
10001100000001
10001011000000
10001010100000
10001010010000
10001010001000
10001010000100
10001010000010
10001010000001
10001001100000
10001001010000
10001001001000
10001001000100
10001001000010
10001001000001
10001000110000
10001000101000
10001000100100
10001000100010
10001000100001
10001000011000
10001000010100
10001000010010
10001000010001
10001000001100
10001000001010
10001000001001
10001000000110
10001000000101
10001000000011
10000111000000
10000110100000
10000110010000
10000110001000
10000110000100
10000110000010
10000110000001
10000101100000
10000101010000
10000101001000
10000101000100
10000101000010
10000101000001
10000100110000
10000100101000
10000100100100
10000100100010
10000100100001
10000100011000
10000100010100
10000100010010
10000100010001
10000100001100
10000100001010
10000100001001
10000100000110
10000100000101
10000100000011
10000011100000
10000011010000
10000011001000
10000011000100
10000011000010
10000011000001
10000010110000
10000010101000
10000010100100
10000010100010
10000010100001
10000010011000
10000010010100
10000010010010
10000010010001
10000010001100
10000010001010
10000010001001
10000010000110
10000010000101
10000010000011
10000001110000
10000001101000
10000001100100
10000001100010
10000001100001
10000001011000
10000001010100
10000001010010
10000001010001
10000001001100
10000001001010
10000001001001
10000001000110
10000001000101
10000001000011
10000000111000
10000000110100
10000000110010
10000000110001
10000000101100
10000000101010
10000000101001
10000000100110
10000000100101
10000000100011
10000000011100
10000000011010
10000000011001
10000000010110
10000000010101
10000000010011
10000000001110
10000000001101
10000000001011
10000000000111
01111000000000
01110100000000
01110010000000
01110001000000
01110000100000
01110000010000
01110000001000
01110000000100
01110000000010
01110000000001
01101100000000
01101010000000
01101001000000
01101000100000
01101000010000
01101000001000
01101000000100
01101000000010
01101000000001
01100110000000
01100101000000
01100100100000
01100100010000
01100100001000
01100100000100
01100100000010
01100100000001
01100011000000
01100010100000
01100010010000
01100010001000
01100010000100
01100010000010
01100010000001
01100001100000
01100001010000
01100001001000
01100001000100
01100001000010
01100001000001
01100000110000
01100000101000
01100000100100
01100000100010
01100000100001
01100000011000
01100000010100
01100000010010
01100000010001
01100000001100
01100000001010
01100000001001
01100000000110
01100000000101
01100000000011
01011100000000
01011010000000
01011001000000
01011000100000
01011000010000
01011000001000
01011000000100
01011000000010
01011000000001
01010110000000
01010101000000
01010100100000
01010100010000
01010100001000
01010100000100
01010100000010
01010100000001
01010011000000
01010010100000
01010010010000
01010010001000
01010010000100
01010010000010
01010010000001
01010001100000
01010001010000
01010001001000
01010001000100
01010001000010
01010001000001
01010000110000
01010000101000
01010000100100
01010000100010
01010000100001
01010000011000
01010000010100
01010000010010
01010000010001
01010000001100
01010000001010
01010000001001
01010000000110
01010000000101
01010000000011
01001110000000
01001101000000
01001100100000
01001100010000
01001100001000
01001100000100
01001100000010
01001100000001
01001011000000
01001010100000
01001010010000
01001010001000
01001010000100
01001010000010
01001010000001
01001001100000
01001001010000
01001001001000
01001001000100
01001001000010
01001001000001
01001000110000
01001000101000
01001000100100
01001000100010
01001000100001
01001000011000
01001000010100
01001000010010
01001000010001
01001000001100
01001000001010
01001000001001
01001000000110
01001000000101
01001000000011
01000111000000
01000110100000
01000110010000
01000110001000
01000110000100
01000110000010
01000110000001
01000101100000
01000101010000
01000101001000
01000101000100
01000101000010
01000101000001
01000100110000
01000100101000
01000100100100
01000100100010
01000100100001
01000100011000
01000100010100
01000100010010
01000100010001
01000100001100
01000100001010
01000100001001
01000100000110
01000100000101
01000100000011
01000011100000
01000011010000
01000011001000
01000011000100
01000011000010
01000011000001
01000010110000
01000010101000
01000010100100
01000010100010
01000010100001
01000010011000
01000010010100
01000010010010
01000010010001
01000010001100
01000010001010
01000010001001
01000010000110
01000010000101
01000010000011
01000001110000
01000001101000
01000001100100
01000001100010
01000001100001
01000001011000
01000001010100
01000001010010
01000001010001
01000001001100
01000001001010
01000001001001
01000001000110
01000001000101
01000001000011
01000000111000
01000000110100
01000000110010
01000000110001
01000000101100
01000000101010
01000000101001
01000000100110
01000000100101
01000000100011
01000000011100
01000000011010
01000000011001
01000000010110
01000000010101
01000000010011
01000000001110
01000000001101
01000000001011
01000000000111
00111100000000
00111010000000
00111001000000
00111000100000
00111000010000
00111000001000
00111000000100
00111000000010
00111000000001
00110110000000
00110101000000
00110100100000
00110100010000
00110100001000
00110100000100
00110100000010
00110100000001
00110011000000
00110010100000
00110010010000
00110010001000
00110010000100
00110010000010
00110010000001
00110001100000
00110001010000
00110001001000
00110001000100
00110001000010
00110001000001
00110000110000
00110000101000
00110000100100
00110000100010
00110000100001
00110000011000
00110000010100
00110000010010
00110000010001
00110000001100
00110000001010
00110000001001
00110000000110
00110000000101
00110000000011
00101110000000
00101101000000
00101100100000
00101100010000
00101100001000
00101100000100
00101100000010
00101100000001
00101011000000
00101010100000
00101010010000
00101010001000
00101010000100
00101010000010
00101010000001
00101001100000
00101001010000
00101001001000
00101001000100
00101001000010
00101001000001
00101000110000
00101000101000
00101000100100
00101000100010
00101000100001
00101000011000
00101000010100
00101000010010
00101000010001
00101000001100
00101000001010
00101000001001
00101000000110
00101000000101
00101000000011
00100111000000
00100110100000
00100110010000
00100110001000
00100110000100
00100110000010
00100110000001
00100101100000
00100101010000
00100101001000
00100101000100
00100101000010
00100101000001
00100100110000
00100100101000
00100100100100
00100100100010
00100100100001
00100100011000
00100100010100
00100100010010
00100100010001
00100100001100
00100100001010
00100100001001
00100100000110
00100100000101
00100100000011
00100011100000
00100011010000
00100011001000
00100011000100
00100011000010
00100011000001
00100010110000
00100010101000
00100010100100
00100010100010
00100010100001
00100010011000
00100010010100
00100010010010
00100010010001
00100010001100
00100010001010
00100010001001
00100010000110
00100010000101
00100010000011
00100001110000
00100001101000
00100001100100
00100001100010
00100001100001
00100001011000
00100001010100
00100001010010
00100001010001
00100001001100
00100001001010
00100001001001
00100001000110
00100001000101
00100001000011
00100000111000
00100000110100
00100000110010
00100000110001
00100000101100
00100000101010
00100000101001
00100000100110
00100000100101
00100000100011
00100000011100
00100000011010
00100000011001
00100000010110
00100000010101
00100000010011
00100000001110
00100000001101
00100000001011
00100000000111
00011110000000
00011101000000
00011100100000
00011100010000
00011100001000
00011100000100
00011100000010
00011100000001
00011011000000
00011010100000
00011010010000
00011010001000
00011010000100
00011010000010
00011010000001
00011001100000
00011001010000
00011001001000
00011001000100
00011001000010
00011001000001
00011000110000
00011000101000
00011000100100
00011000100010
00011000100001
00011000011000
00011000010100
00011000010010
00011000010001
00011000001100
00011000001010
00011000001001
00011000000110
00011000000101
00011000000011
00010111000000
00010110100000
00010110010000
00010110001000
00010110000100
00010110000010
00010110000001
00010101100000
00010101010000
00010101001000
00010101000100
00010101000010
00010101000001
00010100110000
00010100101000
00010100100100
00010100100010
00010100100001
00010100011000
00010100010100
00010100010010
00010100010001
00010100001100
00010100001010
00010100001001
00010100000110
00010100000101
00010100000011
00010011100000
00010011010000
00010011001000
00010011000100
00010011000010
00010011000001
00010010110000
00010010101000
00010010100100
00010010100010
00010010100001
00010010011000
00010010010100
00010010010010
00010010010001
00010010001100
00010010001010
00010010001001
00010010000110
00010010000101
00010010000011
00010001110000
00010001101000
00010001100100
00010001100010
00010001100001
00010001011000
00010001010100
00010001010010
00010001010001
00010001001100
00010001001010
00010001001001
00010001000110
00010001000101
00010001000011
00010000111000
00010000110100
00010000110010
00010000110001
00010000101100
00010000101010
00010000101001
00010000100110
00010000100101
00010000100011
00010000011100
00010000011010
00010000011001
00010000010110
00010000010101
00010000010011
00010000001110
00010000001101
00010000001011
00010000000111
00001111000000
00001110100000
00001110010000
00001110001000
00001110000100
00001110000010
00001110000001
00001101100000
00001101010000
00001101001000
00001101000100
00001101000010
00001101000001
00001100110000
00001100101000
00001100100100
00001100100010
00001100100001
00001100011000
00001100010100
00001100010010
00001100010001
00001100001100
00001100001010
00001100001001
00001100000110
00001100000101
00001100000011
00001011100000
00001011010000
00001011001000
00001011000100
00001011000010
00001011000001
00001010110000
00001010101000
00001010100100
00001010100010
00001010100001
00001010011000
00001010010100
00001010010010
00001010010001
00001010001100
00001010001010
00001010001001
00001010000110
00001010000101
00001010000011
00001001110000
00001001101000
00001001100100
00001001100010
00001001100001
00001001011000
00001001010100
00001001010010
00001001010001
00001001001100
00001001001010
00001001001001
00001001000110
00001001000101
00001001000011
00001000111000
00001000110100
00001000110010
00001000110001
00001000101100
00001000101010
00001000101001
00001000100110
00001000100101
00001000100011
00001000011100
00001000011010
00001000011001
00001000010110
00001000010101
00001000010011
00001000001110
00001000001101
00001000001011
00001000000111
00000111100000
00000111010000
00000111001000
00000111000100
00000111000010
00000111000001
00000110110000
00000110101000
00000110100100
00000110100010
00000110100001
00000110011000
00000110010100
00000110010010
00000110010001
00000110001100
00000110001010
00000110001001
00000110000110
00000110000101
00000110000011
00000101110000
00000101101000
00000101100100
00000101100010
00000101100001
00000101011000
00000101010100
00000101010010
00000101010001
00000101001100
00000101001010
00000101001001
00000101000110
00000101000101
00000101000011
00000100111000
00000100110100
00000100110010
00000100110001
00000100101100
00000100101010
00000100101001
00000100100110
00000100100101
00000100100011
00000100011100
00000100011010
00000100011001
00000100010110
00000100010101
00000100010011
00000100001110
00000100001101
00000100001011
00000100000111
00000011110000
00000011101000
00000011100100
00000011100010
00000011100001
00000011011000
00000011010100
00000011010010
00000011010001
00000011001100
00000011001010
00000011001001
00000011000110
00000011000101
00000011000011
00000010111000
00000010110100
00000010110010
00000010110001
00000010101100
00000010101010
00000010101001
00000010100110
00000010100101
00000010100011
00000010011100
00000010011010
00000010011001
00000010010110
00000010010101
00000010010011
00000010001110
00000010001101
00000010001011
00000010000111
00000001111000
00000001110100
00000001110010
00000001110001
00000001101100
00000001101010
00000001101001
00000001100110
00000001100101
00000001100011
00000001011100
00000001011010
00000001011001
00000001010110
00000001010101
00000001010011
00000001001110
00000001001101
00000001001011
00000001000111
00000000111100
00000000111010
00000000111001
00000000110110
00000000110101
00000000110011
00000000101110
00000000101101
00000000101011
00000000100111
00000000011110
00000000011101
00000000011011
00000000010111
00000000001111
