1010101000000000
1010010100000000
1010000010100000
1010000001010000
1010000000001010
1010000000000101
1001010010000000
1001001001000000
1001000100100000
1001000000010100
1001000000001001
1000100101000000
1000100010010000
1000100000101000
1000010001001000
1000010000100100
1000010000010010
1000001010001000
1000001000100010
1000001000010001
0101010100000000
0101001010000000
0101000001010000
0101000000101000
0101000000000101
0100101001000000
0100100100100000
0100100010001000
0100100000010100
0100010010100000
0100010001000100
0100010000010001
0100010000001010
0100001000100100
0100001000010010
0100001000001001
0100000101001000
0010100100010000
0010100010000100
0010100001001000
0010100000100010
0010010010010000
0010010001000010
0010010000101000
0010001010000010
0010001001000100
0010001000100001
0010000101000001
0010000100100100
0010000010001001
0001010001000001
0001010000100010
0001001000001010
0001000101000100
0001000100010010
0001000010100100
0001000010010001
0000101010100000
0000101000000101
0000100100001010
0000100001010010
0000010101010000
0000010100100001
0000010010000101
0000001010010100
0000000100010101
0000000010101010