1111000000000000
1100110000000000
1100001100000000
1100000011000000
1100000000110000
1100000000001100
1100000000000011
1010101000000000
1010010100000000
1010000010100000
1010000001010000
1010000000001010
1010000000000101
1001100100000000
1001011000000000
1001000010010000
1001000001100000
1001000000001001
1001000000000110
1000100010001000
1000100001000100
1000100000100010
1000100000010001
1000010010000100
1000010001001000
1000010000100001
1000010000010010
1000001010000010
1000001001000001
1000001000101000
1000001000010100
1000000110000001
1000000101000010
1000000100100100
1000000100011000
0110100100000000
0110011000000000
0110000010010000
0110000001100000
0110000000001001
0110000000000110
0101101000000000
0101010100000000
0101000010100000
0101000001010000
0101000000001010
0101000000000101
0100100010000100
0100100001001000
0100100000100001
0100100000010010
0100010010001000
0100010001000100
0100010000100010
0100010000010001
0100001010000001
0100001001000010
0100001000100100
0100001000011000
0100000110000010
0100000101000001
0100000100101000
0100000100010100
0011110000000000
0011001100000000
0011000011000000
0011000000110000
0011000000001100
0011000000000011
0010100010000010
0010100001000001
0010100000101000
0010100000010100
0010010010000001
0010010001000010
0010010000100100
0010010000011000
0010001010001000
0010001001000100
0010001000100010
0010001000010001
0010000110000100
0010000101001000
0010000100100001
0010000100010010
0001100010000001
0001100001000010
0001100000100100
0001100000011000
0001010010000010
0001010001000001
0001010000101000
0001010000010100
0001001010000100
0001001001001000
0001001000100001
0001001000010010
0001000110001000
0001000101000100
0001000100100010
0001000100010001
0000111100000000
0000110011000000
0000110000110000
0000110000001100
0000110000000011
0000101010100000
0000101001010000
0000101000001010
0000101000000101
0000100110010000
0000100101100000
0000100100001001
0000100100000110
0000011010010000
0000011001100000
0000011000001001
0000011000000110
0000010110100000
0000010101010000
0000010100001010
0000010100000101
0000001111000000
0000001100110000
0000001100001100
0000001100000011
0000000011110000
0000000011001100
0000000011000011
0000000010101010
0000000010100101
0000000010011001
0000000010010110
0000000001101001
0000000001100110
0000000001011010
0000000001010101
0000000000111100
0000000000110011
0000000000001111